BHID	FROM	TO	ZONE
VB2675	0.0	226.186996	
VB2675	226.186996	245.886902	1.0
VB2675	245.886902	259.886993	2.0
VB2675	259.886993	330.886993	
VB2737	0.0	138.837296	
VB2737	138.837296	168.537292	1.0
VB2737	168.537292	200.537292	2.0
VB2737	200.537292	274.237305	
VB2812	0.0	183.317505	
VB2812	183.317505	221.717499	1.0
VB2812	221.717499	283.717499	2.0
VB2812	283.717499	294.117493	
VB2813	0.0	235.741196	
VB2813	235.741196	250.941193	1.0
VB2813	250.941193	279.041199	2.0
VB2813	279.041199	402.741211	
VB2832	0.0	190.280899	
VB2832	190.280899	197.930893	1.0
VB2832	197.930893	216.530899	2.0
VB4266	0.0	203.620605	
VB4266	203.620605	210.320602	1.0
VB4266	210.320602	234.320602	2.0
VB4266	234.320602	245.820602	
VB4267	0.0	206.068405	
VB4267	206.068405	215.368393	1.0
VB4267	215.368393	236.968399	2.0
VB4267	236.968399	244.868393	
VB4269	0.0	198.383408	
VB4269	198.383408	212.383408	1.0
VB4269	212.383408	243.683304	2.0
VB4270	0.0	249.849899	
VB4270	249.849899	259.549896	1.0
VB4270	259.549896	286.549896	2.0
VB4270	286.549896	304.549896	
VB4271	0.0	233.756302	
VB4271	233.756302	241.756302	1.0
VB4271	241.756302	270.656403	2.0
VB4271	270.656403	279.156403	
VB4272	0.0	198.255997	
VB4272	198.255997	202.955902	1.0
VB4272	202.955902	216.955902	2.0
VB4272	216.955902	247.655899	
VB4280	0.0	190.221603	
VB4280	190.221603	210.521606	1.0
VB4280	210.521606	234.9216	2.0
VB4280	234.9216	240.321594	
VB4281	0.0	235.715607	
VB4281	235.715607	254.715607	1.0
VB4281	254.715607	292.815613	2.0
VB4281	292.815613	301.215607	
VB4282	0.0	204.475403	
VB4282	204.475403	220.475403	1.0
VB4282	220.475403	243.775406	2.0
VB4282	243.775406	256.575409	
VB4283	0.0	174.034698	
VB4283	174.034698	190.734695	1.0
VB4283	190.734695	212.734695	2.0
VB4283	212.734695	223.134705	
VB4285	0.0	226.800201	
VB4285	226.800201	246.500198	1.0
VB4285	246.500198	280.500214	2.0
VB4285	280.500214	288.000214	
VB4286	0.0	171.997604	
VB4286	171.997604	208.297607	1.0
VB4286	208.297607	228.497604	2.0
VB4286	228.497604	235.897598	
VB4287	0.0	199.2155	
VB4287	199.2155	210.315506	1.0
VB4287	210.315506	232.315506	2.0
VB4287	232.315506	258.015503	
VB4288	0.0	233.941605	
VB4288	233.941605	265.841614	1.0
VB4288	265.841614	283.841614	2.0
VB4288	283.841614	303.541595	
VB4289	0.0	200.509094	
VB4289	200.509094	229.809097	1.0
VB4289	229.809097	235.709106	2.0
VB4289	235.709106	238.1091	
VB4290	0.0	202.928696	
VB4290	202.928696	230.928696	1.0
VB4290	230.928696	245.228699	2.0
VB4290	245.228699	253.228699	
VB4291	0.0	208.243805	
VB4291	208.243805	222.243805	1.0
VB4291	222.243805	242.243805	2.0
VB4291	242.243805	267.443787	
VB4292	0.0	250.114105	
VB4292	250.114105	271.114105	1.0
VB4292	271.114105	289.114105	2.0
VB4292	289.114105	306.114105	
VB4293	0.0	221.4832	
VB4293	221.4832	250.783203	1.0
VB4293	250.783203	265.283203	2.0
VB4293	265.283203	277.683197	
VB4294	0.0	202.026703	
VB4294	202.026703	216.026703	1.0
VB4294	216.026703	228.026703	2.0
VB4294	228.026703	235.626694	
VB4295	0.0	185.805695	
VB4295	185.805695	199.805695	1.0
VB4295	199.805695	209.305695	2.0
VB4295	209.305695	228.805695	
