BHID FROM TO AU CU DENSITY
VB2675 215.6369 217.8869   2.62 
VB2675 217.8869 219.8869   2.65 
VB2675 219.8869 221.8869   2.65 
VB2675 221.8869 223.8869   2.66 
VB2675 223.8869 225.8869   2.66 
VB2675 225.8869 226.187   2.66  
VB2675 227.8869 229.8869 0.63 0.7   
VB2675 229.8869 231.8869 0.56 0.6   
VB2675 231.8869 233.8869 0.7 0.7    
VB2675 233.8869 235.8869 0.42 0.5   
VB2675 235.8869 237.8869 0.98 0.9   
VB2675 237.8869 239.8869 2.45 1.9 2.8   
VB2675 239.8869 241.8869 2.03 1.6   
VB2675 241.8869 243.8869 2.38 1.9 2.8   
VB2675 243.8869 245.8869 15.19 20.3 4.09
VB2675 245.8869 247.8869 0.7 0.7 3.21   
VB2675 247.8869 249.8869 1.06 1.0 3.85  
VB2675 249.8869 251.8869 1.25 1.2 4.18  
VB2675 251.8869 253.8869 1.41 1.3 4.25  
VB2675 253.8869 255.8869 1.42 1.3 4.25  
VB2675 255.8869 257.887 0.63 0.7 3.22   
VB2675 267.887 269.887 0.02     
VB2675 321.887 323.887 0.13  2.76   
VB2675 323.887 324.937 0.23  2.91   
VB2675 324.937 330.887   2.93   
VB2737 80.03728 138.8373   2.66 
VB2737 138.8373 140.5373 0.31 0.5   
VB2737 142.5373 144.5373 20.65 9.8 3.879
VB2737 144.5373 146.5373 4.41 2.4 3.01  
VB2737 146.5373 148.5373 2.24 1.4   
VB2737 148.5373 150.5373 4.34 2.5 3.04  
VB2737 150.5373 152.5373 0.28 0.5   
VB2737 152.5373 154.5373 1.89 1.3   
VB2737 154.5373 156.5373 1.26 1.0   
VB2737 156.5373 158.5373 0.42 0.5   
VB2737 158.5373 160.5373 0.28 0.5   
VB2737 160.5373 162.5373 2.66 1.8   
VB2737 162.5373 164.5373 5.18 3.4 3.35  
VB2737 164.5373 166.5373 0.42 0.5   
VB2737 172.5373 174.5373 0.83 0.8 3.41  
VB2737 174.5373 176.5373 1.03 1.0 3.85  
VB2737 176.5373 178.5373 1.3 1.2 4.19   
VB2737 178.5373 180.5373 1.25 1.1 4.05  
VB2737 180.5373 182.5373 1.76 1.5 4.41  
VB2737 182.5373 184.5373 0.6 0.7 3.22   
VB2737 184.5373 186.5373 1.02 1.0 3.85  
VB2737 186.5373 188.5373 0.96 1.0 3.85  
VB2737 188.5373 190.5373 0.79 0.8 3.43  
VB2737 190.5373 192.5373 1.03 1.0 3.85  
VB2737 192.5373 194.5373 0.85 0.9 3.67  
VB2737 194.5373 196.5373 0.14   
VB2737 196.5373 198.5373 0.19 0.4 2.82  
VB2737 200.5373 202.5373   3.02 
VB2737 202.5373 204.5373   3.05 
VB2737 204.5373 206.5373   3.07 
VB2737 206.5373 208.5373   3.09 
VB2737 208.5373 210.5373   3.09 
VB2737 210.5373 212.5373   3.09 
VB2737 212.5373 214.5373   3.1  
VB2737 214.5373 216.5373   3.1  
VB2737 216.5373 218.5373   3.11 
VB2737 218.5373 220.5373   3.11 
VB2737 220.5373 222.5373   3.12 
VB2737 222.5373 224.5373   3.15 
VB2737 224.5373 225.3873 0.32 0.5 3.74  
VB2737 225.3873 227.3873   3.16 
VB2737 227.3873 228.5373   3.17 
VB2737 228.5373 230.5373   3.17 
VB2737 230.5373 232.5373   3.17 
VB2737 232.5373 234.5373   3.17 
VB2737 234.5373 236.5373   3.17 
VB2737 236.5373 239.0373   3.18 
VB2737 239.0373 241.9373   3.19 
VB2737 241.9373 242.5373   3.2  
VB2737 242.5373 244.5373   3.2  
VB2737 244.5373 246.5373   3.21 
VB2737 246.5373 248.5373   3.21 
VB2737 248.5373 249.2873   3.22 
VB2737 249.2873 274.2373   3.23 
VB2812 122.2175 183.3175   2.7  
VB2812 183.3175 185.7175 0.35 0.5   
VB2812 185.7175 187.7175 1.26 0.9   
VB2812 187.7175 189.7175 0.07 0.4   
VB2812 189.7175 191.7175 0.21 0.4   
VB2812 191.7175 193.7175 0.28 0.5   
VB2812 193.7175 195.7175 2.73 1.8   
VB2812 199.7175 201.7175 0.91 0.8   
VB2812 201.7175 203.7175 1.21 1.0   
VB2812 203.7175 205.7175 1.01 0.9   
VB2812 205.7175 207.7175 1.53 1.2   
VB2812 207.7175 209.7175 1.21 1.0   
VB2812 209.7175 211.7175 0.9 0.9    
VB2812 211.7175 213.7175 0.58 0.7   
VB2812 213.7175 215.7175 0.48 0.6   
VB2812 215.7175 217.7175 0.75 0.8   
VB2812 217.7175 219.7175 0.88 0.9   
VB2812 219.7175 221.7175 0.98 1.0   
VB2812 221.7175 223.7175 1.24 1.2 4.19  
VB2812 223.7175 225.7175 0.1    
VB2812 225.7175 227.7175 0.26 0.4 2.83  
VB2812 227.7175 229.7175 0.13   
VB2812 229.7175 231.7175 0.1    
VB2812 231.7175 233.7175 0.19 0.4 2.84  
VB2812 253.7175 255.7175 0.15   
VB2812 255.7175 257.7175 0.42 0.6 3.08  
VB2812 265.7175 267.7175 0.04   
VB2812 279.5175 281.7175 0.02   
VB2812 281.7175 283.7175 0.35 0.5 2.98  
VB2812 283.7175 285.7175 0.41 0.6 3.74  
VB2812 285.7175 294.1175   3.24 
VB2813 150.9412 235.7412   2.71 
VB2813 236.3412 238.9412 5.95 4.0 3.53  
VB2813 238.9412 240.9412 6.86 4.7 3.67  
VB2813 240.9412 242.9412 2.1 1.6    
VB2813 242.9412 244.9412 6.44 4.6 3.62  
VB2813 244.9412 246.9412 3.85 2.9 3.16  
VB2813 246.9412 248.9412 4.06 3.1 3.23  
VB2813 248.9412 250.9412 6.09 4.6 3.662 
VB2813 252.9412 254.9412 0.45 0.6 3.08  
VB2813 254.9412 256.9412 0.08   
VB2813 256.9412 258.9412 0.47 0.6 3.08  
VB2813 258.9412 260.9412 0.92 0.9 3.67  
VB2813 260.9412 262.9412 0.58 0.7 3.23  
VB2813 262.9412 264.9412 0.69 0.8 3.45  
VB2813 264.9412 266.9412 1.01 1.0 3.87  
VB2813 266.9412 268.9412 0.72 0.8 3.45  
VB2813 268.9412 270.9412 1.04 1.1 4.06  
VB2813 270.9412 272.9412 0.8 0.9 3.67   
VB2813 272.9412 274.9412 0.99 1.1 4.06  
VB2813 274.9412 276.9412 1.19 1.3 4.26  
VB2813 276.9412 279.0412 0.9 1.0 3.88   
VB2813 279.0412 402.7412   3.24 
VB2832 111.9309 190.2809   2.72 
VB2832 190.2809 191.8809 11.62 7.1 3.78 
VB2832 193.4809 195.9309 1.05 0.9   
VB2832 195.9309 197.9309 1.75 1.4   
VB2832 197.9309 199.9309 2.03 1.6 4.46  
VB2832 199.9309 201.9309 1.54 1.3 4.27  
VB2832 201.9309 203.9309 1.12 1.0 3.89  
VB2832 203.9309 205.9309 1.05 1.0 3.89  
VB2832 205.9309 207.9309 2.94 2.3 4.6   
VB2832 207.9309 209.9309 4.97 3.8 4.69  
VB2832 209.9309 211.9309 0.49 0.6 3.09  
VB2832 211.9309 214.4809 1.08 1.0 3.89  
VB4266 121.3206 203.6206   2.72 
VB4266 205.1206 206.3206 5.6 3.8 3.49   
VB4266 206.3206 208.3206 0.56 0.6   
VB4266 208.3206 210.3206 0.28 0.5   
VB4266 210.3206 212.3206 1.19 1.0 3.93  
VB4266 212.3206 214.3206 0.35 0.5 2.98  
VB4266 214.3206 216.3206 0.63 0.7 3.25  
VB4266 216.3206 218.3206 0.98 0.9 3.67  
VB4266 218.3206 220.3206 2.66 2.1 4.56  
VB4266 220.3206 222.3206 0.8 0.8 3.46   
VB4266 222.3206 224.3206 0.49 0.6 3.09  
VB4266 224.3206 226.3206 0.47 0.6 3.09  
VB4266 226.3206 228.3206 0.83 0.9 3.68  
VB4266 228.3206 230.3206 1.25 1.2 4.19  
VB4266 230.3206 232.3206 1.09 1.1 4.06  
VB4266 232.3206 234.3206 1.15 1.1 4.06  
VB4266 234.3206 236.3206  1.0 3.74  
VB4266 236.3206 238.8206   3.25 
VB4266 238.8206 245.8206   3.26 
VB4267 99.36841 206.0684   2.73 
VB4267 206.5684 208.8684 2.31 2.0 2.87  
VB4267 208.8684 210.8684 1.12 1.1   
VB4267 210.8684 212.8684 0.63 0.7   
VB4267 212.8684 214.8684 2.8 2.5 3.04   
VB4267 214.8684 215.3684 6.02 5.3 3.77  
VB4267 215.3684 216.8684 6.02 5.3 4.71  
VB4267 216.8684 218.8684 0.42 0.6 3.09  
VB4267 218.8684 220.8684 0.13   
VB4267 220.8684 222.8684 0.47 0.6 3.09  
VB4267 222.8684 224.8684 1.47 1.5 4.41  
VB4267 224.8684 226.8684 0.72 0.8 3.47  
VB4267 226.8684 228.8684 0.67 0.8 3.5   
VB4267 228.8684 230.8684 1.36 1.4 4.35  
VB4267 230.8684 232.8684 1.18 1.3 4.27  
VB4267 232.8684 234.8684 1.2 1.3 4.28   
VB4267 234.8684 236.9684 1.52 1.6 4.46  
VB4267 236.9684 237.5684 1.52 1.6 4.37  
VB4267 237.5684 244.8684   3.26 
VB4269 120.8834 198.1833   2.77 
VB4269 198.3834 200.3834 7.21 4.4 3.62  
VB4269 200.3834 202.3834 4.2 2.8 3.13   
VB4269 202.3834 204.3834 5.11 3.4 3.35  
VB4269 204.3834 206.3834 2.8 2.0 2.87   
VB4269 206.3834 208.3834 0.14 0.4   
VB4269 208.3834 210.3834 0.56 0.6   
VB4269 210.3834 212.3834 0.56 0.6   
VB4269 212.3834 214.3834 0.84 0.8 3.53  
VB4269 214.3834 215.9834 3.15 2.4 4.63  
VB4269 215.9834 218.3834 0.56 0.6 3.09  
VB4269 218.3834 220.3834 1.45 1.3 4.28  
VB4269 220.3834 222.8834 0.19 0.4 2.85  
VB4269 229.5833 230.3834 0.69 0.8 3.53  
VB4269 230.3834 232.3834 0.86 0.9 3.72  
VB4269 232.3834 234.3834 1.08 1.1 4.07  
VB4270 169.5499 249.8499   2.82 
VB4270 251.5499 253.5499 2.31 1.7   
VB4270 253.5499 255.5499 0.49 0.6   
VB4270 255.5499 257.5499 0.42 0.5   
VB4270 263.5499 265.5499 0.68 0.7 3.26  
VB4270 265.5499 267.5499 0.52 0.6 3.1   
VB4270 267.5499 269.5499 1.52 1.3 4.29  
VB4270 269.5499 271.5499 1.45 1.3 4.29  
VB4270 271.5499 273.5499 1.43 1.3 4.29  
VB4270 273.5499 275.5499 0.93 0.9 3.72  
VB4270 275.5499 277.5499 0.98 1.0 3.93  
VB4270 277.5499 279.5499 1.33 1.3 4.3   
VB4270 279.5499 281.5499 1.32 1.3 4.32  
VB4270 281.5499 283.5499 0.72 0.8 3.53  
VB4270 283.5499 285.5499 1.19 1.2 4.2   
VB4270 285.5499 286.5499 1.28 1.3 4.32  
VB4270 286.5499 304.5499   3.26 
VB4271 147.1564 233.7563   2.84 
VB4271 233.7563 235.1564 1.26 1.1   
VB4271 235.1564 237.1564 0.98 0.9   
VB4271 237.1564 239.1564 2.87 2.3 2.97  
VB4271 239.1564 241.1564 0.61 0.7   
VB4271 241.1564 241.7563 0.74 0.8   
VB4271 241.7563 243.1564 0.74 0.8 3.57  
VB4271 243.1564 245.1564 1.13 1.1 4.07  
VB4271 245.1564 247.1564 0.44 0.6 3.1   
VB4271 247.1564 249.1564 0.84 0.9 3.72  
VB4271 249.1564 251.1564 1.46 1.4 4.36  
VB4271 251.1564 253.1564 1.01 1.0 3.93  
VB4271 253.1564 255.1564 1.04 1.1 4.1   
VB4271 255.1564 257.1564 0.73 0.8 3.57  
VB4271 257.1564 259.1564 0.28 0.4 2.85  
VB4271 259.1564 261.1564 1.67 1.6 4.46  
VB4271 261.1564 263.1564 1.05 1.1 4.13  
VB4271 263.1564 265.1564 0.99 1.1 4.14  
VB4271 265.1564 267.1564 0.54 0.7 3.26  
VB4271 267.1564 269.1564 0.42 0.6 3.1   
VB4271 269.1564 270.6564 0.54 0.7 3.28  
VB4271 270.6564 279.1564   3.26 
VB4272 99.95594 198.256   2.84  
VB4272 201.4559 202.9559 6.44 5.0 3.67  
VB4272 202.9559 204.9559 3.92 3.2 4.66  
VB4272 204.9559 206.9559 18.41 14.4 4.74
VB4272 206.9559 210.9559 0.61 0.7 3.28  
VB4272 210.9559 212.9559 1.29 1.3 4.32  
VB4272 212.9559 214.9559 1.65 1.6 4.49  
VB4272 214.9559 216.9559 0.94 1.0 3.93  
VB4272 216.9559 218.9559 1.1 1.1 3.85   
VB4272 218.9559 220.9559 0.94 1.0 3.85  
VB4272 220.9559 222.9559 1.07 1.1 3.96  
VB4272 222.9559 224.9559 0.94 1.0 3.85  
VB4272 224.9559 237.4559   3.26 
VB4272 237.4559 247.6559   3.26 
VB4280 96.52161 167.9216   2.88 
VB4280 192.0216 194.5216 3.5 2.6 3.07   
VB4280 194.5216 196.5216 2.31 1.9 2.8   
VB4280 196.5216 198.5216 2.17 1.8 2.74  
VB4280 198.5216 200.5216 1.26 1.2   
VB4280 200.5216 202.5216 1.47 1.3   
VB4280 202.5216 204.5216 1.12 1.1   
VB4280 206.5216 208.5216 0.35 0.5   
VB4280 208.5216 210.5216 1.26 1.2   
VB4280 210.5216 212.5216 1.96 1.8 4.49  
VB4280 212.5216 214.5216 1.96 1.8 4.51  
VB4280 214.5216 216.5216 3.71 3.3 4.67  
VB4280 218.5216 220.5216 0.03   
VB4280 222.5216 224.5216 0.49 0.6 3.1   
VB4280 224.5216 226.5216 0.77 0.9 3.73  
VB4280 226.5216 228.0216 0.88 1.0 3.95  
VB4280 234.9216 240.3216   3.28 
VB4281 159.7156 220.0156   2.88 
VB4281 235.8156 236.7156 6.23 3.9 3.49  
VB4281 236.7156 238.7156 11.9 7.3 3.82  
VB4281 238.7156 240.7156 1.68 1.3   
VB4281 240.7156 242.7156 2.17 1.6   
VB4281 242.7156 244.7156 0.98 0.9   
VB4281 244.7156 246.7156 0.21 0.4   
VB4281 246.7156 248.7156 0.49 0.6   
VB4281 248.7156 250.7156 0.35 0.5   
VB4281 250.7156 252.7156 0.56 0.6   
VB4281 252.7156 254.7156 1.47 1.3   
VB4281 254.7156 256.7156 0.09   
VB4281 256.7156 258.7156 0.14   
VB4281 260.7156 262.7156 0.52 0.6 3.1   
VB4281 262.7156 264.7156 0.45 0.6 3.1   
VB4281 264.7156 266.7156 1.08 1.1 4.14  
VB4281 266.7156 268.7156 1.28 1.2 4.25  
VB4281 268.7156 270.7156 1.05 1.1 4.14  
VB4281 270.7156 272.7156 1.64 1.6 4.49  
VB4281 272.7156 274.7156 0.75 0.8 3.57  
VB4281 274.7156 276.7156 0.49 0.6 3.13  
VB4281 276.7156 278.7156 0.98 1.0 3.95  
VB4281 278.7156 280.7156 0.51 0.6 3.13  
VB4281 280.7156 282.7156 0.66 0.8 3.57  
VB4281 282.7156 284.7156 0.74 0.8 3.58  
VB4281 286.7156 289.2156 0.71 0.8 3.58  
VB4281 292.8156 301.2156   3.28 
VB4282 138.6154 201.1554   2.9  
VB4282 201.1554 202.1154 0.84 0.7 3.82  
VB4282 202.1154 204.1154   2.9  
VB4282 204.1154 204.4754 0.7 0.7 3.82   
VB4282 204.4754 206.1154 0.7 0.7    
VB4282 206.1154 208.1154 1.12 0.9   
VB4282 208.1154 210.1154 1.12 0.9   
VB4282 210.1154 212.1154 0.63 0.6   
VB4282 212.1154 214.1154 1.12 0.9   
VB4282 214.1154 216.1154 1.89 1.4   
VB4282 216.1154 218.1154 0.91 0.8   
VB4282 218.1154 220.1154 0.29 0.5   
VB4282 220.1154 220.4754 0.16 0.4   
VB4282 220.4754 222.1154 0.16 0.4 2.86  
VB4282 222.1154 224.1154 0.14 0.4 2.87  
VB4282 224.1154 226.1154 0.28 0.5 2.98  
VB4282 226.1154 228.1154 0.17 0.4 2.88  
VB4282 228.1154 230.1154 0.65 0.7 3.3   
VB4282 230.1154 232.1154 1.14 1.0 3.95  
VB4282 232.1154 234.1154  0.9 3.76  
VB4282 234.1154 236.1154 0.6 0.7 3.3
VB4282 236.1154 238.1154 0.81 0.8 3.58  
VB4282 238.1154 240.1154 0.77 0.8 3.58  
VB4282 240.1154 241.6154 0.79 0.8 3.58  
VB4282 241.6154 243.4154   3.28 
VB4282 243.4154 243.7754   3.28 
VB4282 243.7754 256.5754   3.29 
VB4283 108.2347 174.0347   2.91 
VB4283 174.0347 174.7347 2.87 1.7   
VB4283 174.7347 176.7347 2.03 1.3   
VB4283 176.7347 178.7347 1.82 1.3   
VB4283 178.7347 180.7347 1.26 1.0   
VB4283 180.7347 182.7347 1.26 1.0   
VB4283 182.7347 184.7347 0.63 0.7   
VB4283 184.7347 186.7347 0.35 0.5   
VB4283 186.7347 188.7347 0.63 0.7   
VB4283 188.7347 190.7347 2.73 1.9 2.81  
VB4283 192.7347 194.7347 0.12 0.4 2.89  
VB4283 194.7347 196.7347 0.14 0.4 2.89  
VB4283 196.7347 198.7347 0.47 0.6 3.14  
VB4283 198.7347 200.7347 0.79 0.8 3.62  
VB4283 200.7347 202.7347 0.93 0.9 3.78  
VB4283 202.7347 204.7347 1.24 1.1 4.16  
VB4283 204.7347 206.7347 1.22 1.1 4.16  
VB4283 206.7347 208.7347 1.23 1.1 4.16  
VB4283 208.7347 210.7347 0.25 0.4 2.89  
VB4283 210.7347 212.7347 0.93 0.9 3.8   
VB4283 212.7347 214.4347 0.07  3.29 
VB4283 214.4347 223.1347   3.3  
VB4285 143.5002 226.8002   2.91 
VB4285 226.8002 228.5002 2.1 1.6 4.32   
VB4285 228.5002 230.5002 1.82 1.4 4.25  
VB4285 230.5002 232.5002   2.93 
VB4285 232.5002 234.5002   3.02 
VB4285 234.5002 236.5002 0.35 0.5 3.82  
VB4285 236.5002 236.8002 0.28 0.4 3.74  
VB4285 236.8002 238.5002 0.28 0.4   
VB4285 238.5002 240.5002 0.14   
VB4285 240.5002 242.5002 0.28 0.4   
VB4285 242.5002 244.5002 0.14   
VB4285 244.5002 246.5002 3.71 3.0 3.18  
VB4285 246.5002 248.5002 0.56 0.7 3.3   
VB4285 248.5002 250.5002 0.14  2.17 
VB4285 250.5002 252.5002 0.28 0.4 2.9   
VB4285 252.5002 254.5002 0.98 1.0 3.95  
VB4285 254.5002 256.5002 0.63 0.7 3.31  
VB4285 256.5002 258.5002 0.56 0.7 3.31  
VB4285 258.5002 260.5002 1.96 1.9 4.54  
VB4285 260.5002 262.5002 2.17 2.1 4.56  
VB4285 262.5002 264.5002 0.62 0.7 3.31  
VB4285 264.5002 266.5002 1.52 1.5 4.42  
VB4285 266.5002 268.5002 0.17  2.18 
VB4285 268.5002 270.5002 0.2 0.4 2.9
VB4285 270.5002 272.5002 0.37 0.5 2.99  
VB4285 272.5002 274.5002 1.12 1.2 4.25  
VB4285 274.5002 276.5002 1.07 1.2 4.25  
VB4285 276.5002 278.5002 0.53 0.7 3.35  
VB4285 278.5002 280.5002 0.81 1.0 3.95  
VB4285 280.5002 282.5002 0.0 0.6 3.74   
VB4285 282.5002 284.5002   3.3  
VB4285 284.5002 286.5002   3.3  
VB4285 286.5002 288.0002   3.3  
VB4286 107.7976 171.9976   3.08 
VB4286 171.9976 174.2976 6.58 3.4 3.39  
VB4286 174.2976 176.2976 6.3 3.4 3.41   
VB4286 176.2976 178.2976 1.54 1.1   
VB4286 178.2976 180.2976 1.89 1.3   
VB4286 180.2976 182.2976 2.66 1.7   
VB4286 182.2976 184.2976 1.05 0.9   
VB4286 184.2976 186.2976 0.7 0.7    
VB4286 186.2976 188.2976 0.84 0.8   
VB4286 188.2976 190.2976 0.49 0.6   
VB4286 190.2976 192.2976 0.42 0.5   
VB4286 192.2976 194.2976 0.28 0.5   
VB4286 194.2976 196.2976 0.84 0.8   
VB4286 196.2976 198.2976 1.89 1.5   
VB4286 198.2976 200.2976 1.75 1.4   
VB4286 200.2976 202.2976 2.94 2.2 2.94  
VB4286 202.2976 204.2976 1.4 1.2    
VB4286 204.2976 206.2976 2.87 2.3 2.98  
VB4286 206.2976 208.2976 7.49 5.6 3.78  
VB4286 208.2976 210.2976 0.33 0.5 2.99  
VB4286 210.2976 212.2976 0.83 0.8 3.62  
VB4286 212.2976 214.2976 1.39 1.3 4.33  
VB4286 214.2976 216.2976 1.13 1.1 4.17  
VB4286 216.2976 218.2976 1.46 1.4 4.36  
VB4286 218.2976 220.2976 1.15 1.1 4.17  
VB4286 220.2976 222.2976 1.4 1.4 4.37   
VB4286 222.2976 224.2976 1.28 1.3 4.33  
VB4286 224.2976 226.2976 0.84 0.9 3.82  
VB4286 226.2976 228.4976 1.35 1.4 4.37  
VB4286 228.4976 235.8976   3.31 
VB4287 96.31549 199.2155   3.08 
VB4287 199.2155 199.4155   3.08 
VB4287 199.4155 200.3155 3.36 2.7 3.09  
VB4287 200.3155 202.3155 1.12 1.1   
VB4287 202.3155 204.3155 5.88 4.7 3.67  
VB4287 204.3155 206.3155 4.34 3.6 3.45  
VB4287 206.3155 208.3155 0.49 0.6   
VB4287 208.3155 210.3155 1.82 1.7   
VB4287 210.3155 212.3155 0.35 0.5 2.99  
VB4287 212.3155 214.3155 2.17 2.0 4.55  
VB4287 214.3155 216.3155 1.05 1.1 4.17  
VB4287 216.3155 218.3155 1.05 1.1 4.18  
VB4287 218.3155 220.3155 0.56 0.7 3.35  
VB4287 220.3155 222.3155 0.7 0.8 3.62   
VB4287 222.3155 224.3155 0.91 1.0 3.96  
VB4287 224.3155 226.3155 1.82 1.8 4.51  
VB4287 226.3155 228.3155 0.77 0.9 3.82  
VB4287 228.3155 230.3155 0.42 0.6 3.14  
VB4287 230.3155 232.3155 0.7 0.8 3.62   
VB4287 232.3155 234.3155 1.4 1.5 4.06   
VB4287 234.3155 236.3155 1.4 1.5 4.07   
VB4287 236.3155 238.3155 3.57 3.7 4.54  
VB4287 238.3155 240.3155   3.31 
VB4287 240.3155 242.3155   3.32 
VB4287 242.3155 244.3155   3.36 
VB4287 244.3155 246.3155   3.39 
VB4287 246.3155 248.3155   3.4  
VB4287 248.3155 250.3155   3.4  
VB4287 250.3155 252.3155   3.42 
VB4287 252.3155 254.3155   3.44 
VB4287 254.3155 256.3155   3.44 
VB4287 256.3155 258.0155   3.45 
VB4288 153.8416 233.9416   3.09 
VB4288 233.9416 235.8416 4.76 3.1 3.23  
VB4288 235.8416 237.8416 1.47 1.2   
VB4288 237.8416 239.8416 1.19 1.0   
VB4288 239.8416 241.8416 2.59 1.9 2.84  
VB4288 241.8416 243.8416 1.12 1.0   
VB4288 243.8416 245.8416 1.19 1.1   
VB4288 245.8416 247.8416 0.7 0.7    
VB4288 247.8416 249.8416 0.7 0.7    
VB4288 249.8416 251.8416 1.4 1.2    
VB4288 251.8416 253.8416 2.31 1.9 2.85  
VB4288 253.8416 255.8416 1.05 1.0   
VB4288 255.8416 257.8416 1.19 1.1   
VB4288 257.8416 259.8416 0.14   
VB4288 259.8416 261.8416 0.77 0.8   
VB4288 261.8416 263.8416 1.89 1.7   
VB4288 263.8416 265.8416 2.94 2.6 3.09  
VB4288 265.8416 267.8416 1.47 1.4 4.38  
VB4288 267.8416 269.8416   2.18 
VB4288 269.8416 271.8416   2.6  
VB4288 271.8416 273.8416 0.3 0.5 3.02   
VB4288 273.8416 275.8416 0.79 0.9 3.82  
VB4288 275.8416 276.8416 0.95 1.0 3.96  
VB4288 276.8416 278.8416   2.61 
VB4288 278.8416 279.8416 1.81 1.8 4.52  
VB4288 279.8416 281.8416 1.33 1.4 4.38  
VB4288 281.8416 283.8416 0.79 0.9 3.82  
VB4288 283.8416 285.6416 0.67 0.8 3.74  
VB4289 125.6091 200.5091   3.09 
VB4289 200.5091 203.1091 3.36 2.2 2.96  
VB4289 203.1091 205.1091 4.97 3.1 3.25  
VB4289 205.1091 207.1091 0.98 0.9   
VB4289 207.1091 209.1091 0.91 0.8   
VB4289 209.1091 211.1091 0.77 0.8   
VB4289 211.1091 213.1091 0.91 0.8   
VB4289 213.1091 215.1091 0.42 0.5   
VB4289 215.1091 217.1091 1.4 1.2    
VB4289 217.1091 219.1091 1.82 1.5   
VB4289 219.1091 221.1091 1.12 1.0   
VB4289 221.1091 223.1091 1.19 1.1   
VB4289 223.1091 225.1091 2.31 1.9 2.858 
VB4289 225.1091 227.1091 3.5 2.8 3.14   
VB4289 227.1091 229.1091 3.71 3.0 3.21  
VB4289 229.1091 229.8091 0.17 0.4   
VB4289 229.8091 231.1091 0.17 0.4 2.9   
VB4289 231.1091 233.1091 0.53 0.6 3.15  
VB4289 233.1091 235.7091 0.89 0.9 3.84  
VB4289 235.7091 238.1091   3.45 
VB4290 128.9287 201.9287   3.1  
VB4290 201.9287 202.9287   3.1  
VB4290 202.9287 204.9287 6.79 4.0 3.61  
VB4290 204.9287 206.9287 5.39 3.3 3.33  
VB4290 206.9287 208.9287 1.61 1.2   
VB4290 208.9287 210.9287 5.25 3.4 3.41  
VB4290 210.9287 212.9287 2.31 1.7   
VB4290 212.9287 214.9287 3.01 2.1 2.89  
VB4290 214.9287 216.9287 3.08 2.2 2.96  
VB4290 216.9287 218.9287 0.77 0.8   
VB4290 218.9287 220.9287 2.8 2.1 2.92   
VB4290 220.9287 222.9287 0.7 0.7    
VB4290 222.9287 224.9287 2.03 1.6   
VB4290 226.9287 228.9287 0.34 0.5   
VB4290 228.9287 230.9287 0.97 0.9   
VB4290 230.9287 232.9287 0.97 1.0 3.99  
VB4290 232.9287 234.9287 1.24 1.2 4.25  
VB4290 234.9287 236.9287 1.42 1.3 4.35  
VB4290 236.9287 238.9287 0.97 1.0 4.01  
VB4290 238.9287 240.9287 1.02 1.0 4.01  
VB4290 240.9287 245.2287   2.63 
VB4290 245.2287 253.2287   3.45 
VB4291 113.7438 181.9438   3.1  
VB4291 181.9438 184.2438   3.1  
VB4291 184.2438 186.2438   3.14 
VB4291 186.2438 187.5438   3.14 
VB4291 187.5438 188.7438   3.15 
VB4291 188.7438 190.2438   3.15 
VB4291 190.2438 192.2438   3.21 
VB4291 192.2438 194.2438   3.23 
VB4291 194.2438 196.2438   3.24 
VB4291 196.2438 198.2438   3.25 
VB4291 198.2438 200.2438   3.29 
VB4291 200.2438 202.2438   3.31 
VB4291 202.2438 204.2438   3.31 
VB4291 204.2438 206.2438   3.31 
VB4291 206.2438 208.2438   3.35 
VB4291 208.2438 210.2438 1.26 1.1   
VB4291 210.2438 212.2438 1.61 1.4   
VB4291 212.2438 214.2438 3.08 2.4 3.03  
VB4291 214.2438 216.2438 10.99 8.2 3.83 
VB4291 216.2438 218.2438 17.29 13.1 3.89
VB4291 218.2438 220.2438 29.96 22.9 4.33
VB4291 220.2438 222.2438 26.88 21.0 4.21
VB4291 222.2438 224.2438 0.67 0.7 3.39  
VB4291 224.2438 226.2438 0.47 0.6 3.15  
VB4291 226.2438 228.2438 0.59 0.7 3.39  
VB4291 228.2438 230.2438 0.56 0.7 3.41  
VB4291 230.2438 232.2438 0.76 0.8 3.65  
VB4291 232.2438 234.2438 0.08  2.65 
VB4291 234.2438 236.2438 0.48 0.6 3.16  
VB4291 236.2438 238.2438 0.38 0.5 3.02  
VB4291 238.2438 240.2438   2.73 
VB4291 240.2438 242.2438   2.74 
VB4291 242.2438 244.2438   3.48 
VB4291 244.2438 246.2438 0.09  3.48 
VB4291 246.2438 248.7438   3.48 
VB4291 248.7438 261.0438   3.48 
VB4291 261.0438 262.7438   3.5  
VB4291 262.7438 263.2438   3.5  
VB4291 263.2438 267.4438   3.51 
VB4292 146.3141 250.1141   3.35 
VB4292 250.1141 251.1141 5.6 4.4 4.41   
VB4292 251.1141 253.1141 2.45 2.1 2.92  
VB4292 253.1141 255.1141 1.47 1.4   
VB4292 255.1141 257.1141 2.17 1.9 2.86  
VB4292 257.1141 259.1141 2.52 2.2 2.97  
VB4292 259.1141 261.1141 0.84 0.9   
VB4292 261.1141 263.1141 2.1 1.9 2.86   
VB4292 263.1141 265.1141 0.77 0.8   
VB4292 265.1141 267.1141 2.66 2.5 3.06  
VB4292 267.1141 269.1141 2.24 2.1 2.93  
VB4292 269.1141 271.1141 3.15 3.0 3.21  
VB4292 271.1141 273.1141 1.68 1.7 4.49  
VB4292 273.1141 275.1141 0.84 0.9 3.85  
VB4292 275.1141 277.1141 1.33 1.4 4.39  
VB4292 277.1141 279.1141 1.26 1.4 4.4   
VB4292 279.1141 281.1141 1.61 1.7 4.49  
VB4292 281.1141 283.1141 1.96 2.1 4.57  
VB4292 283.1141 285.1141 2.1 2.2 4.59   
VB4292 285.1141 287.1141 2.94 3.1 4.65  
VB4292 287.1141 289.1141 2.17 2.3 4.61  
VB4292 289.1141 291.1141   3.53 
VB4292 291.1141 293.1141   3.55 
VB4292 293.1141 295.1141   3.57 
VB4292 295.1141 297.1141   3.57 
VB4292 297.1141 299.1141   3.57 
VB4292 299.1141 301.1141   3.62 
VB4292 301.1141 303.1141   3.62 
VB4292 303.1141 305.1141   3.67 
VB4292 305.1141 306.1141   3.69 
VB4292 306.1141 308.1141   3.72 
VB4293 125.5832 221.4832   3.47 
VB4293 221.4832 222.7832 4.97 3.7 3.45  
VB4293 222.7832 224.7832 3.5 2.7 3.09   
VB4293 224.7832 226.7832 2.87 2.3 3.0   
VB4293 226.7832 228.7832 2.59 2.1 2.93  
VB4293 228.7832 230.7832 4.41 3.5 3.45  
VB4293 230.7832 232.7832 2.24 1.9 2.86  
VB4293 232.7832 234.7832 0.91 0.9   
VB4293 234.7832 236.7832 0.49 0.6   
VB4293 236.7832 238.7832 1.4 1.3    
VB4293 238.7832 240.7832 2.1 1.9 2.87   
VB4293 240.7832 242.7832 1.19 1.2   
VB4293 242.7832 244.7832 1.54 1.5   
VB4293 244.7832 246.7832 1.4 1.4    
VB4293 246.7832 248.7832 3.15 2.9 3.17  
VB4293 248.7832 250.7832 2.87 2.7 3.13  
VB4293 250.7832 252.7832 2.03 2.0 4.56  
VB4293 252.7832 254.7832 0.05  2.74 
VB4293 254.7832 256.7832 0.03  2.75 
VB4293 256.7832 258.7832   2.76 
VB4293 258.7832 260.7832 0.47 0.6 3.16  
VB4293 260.7832 262.7832 0.45 0.6 3.21  
VB4293 262.7832 265.2832 0.34 0.5 3.02  
VB4293 265.2832 277.6832   3.72 
VB4294 112.5267 199.0267   3.72 
VB4294 199.0267 200.0267 5.74 3.8 4.38  
VB4294 200.0267 202.0267 9.73 6.4 4.66  
VB4294 202.0267 204.0267 1.12 1.0   
VB4294 204.0267 206.0267 1.61 1.3   
VB4294 206.0267 208.0267 1.75 1.4   
VB4294 208.0267 210.0267 4.34 3.2 3.29  
VB4294 210.0267 212.0267 2.24 1.8 2.8   
VB4294 212.0267 214.0267 1.26 1.1   
VB4294 214.0267 216.0267 4.06 3.2 3.31  
VB4294 216.0267 218.0267 0.35 0.5 3.06  
VB4294 218.0267 220.0267   2.77 
VB4294 220.0267 222.0267 0.71 0.8 3.67  
VB4294 222.0267 224.0267 1.35 1.3 4.35  
VB4294 224.0267 226.0267 1.2 1.2 4.25   
VB4294 226.0267 228.0267 1.16 1.2 4.25  
VB4294 228.0267 230.0267 0.26 0.4 3.74  
VB4294 230.0267 231.5267   3.72 
VB4294 231.5267 235.6267   3.74 
VB4295 100.4057 184.0057   3.74 
VB4295 184.0057 185.8057 1.05 0.9 3.82  
VB4295 185.8057 187.8057 1.12 1.0   
VB4295 187.8057 189.8057 1.61 1.3   
VB4295 189.8057 191.8057 1.75 1.4   
VB4295 191.8057 193.8057 1.75 1.4   
VB4295 193.8057 195.8057 2.1 1.7    
VB4295 195.8057 197.8057 1.26 1.1   
VB4295 197.8057 199.8057 1.19 1.1   
VB4295 199.8057 201.8057 1.82 1.5 4.45  
VB4295 201.8057 203.8057 2.17 1.8 4.53  
VB4295 203.8057 205.8057 2.73 2.3 4.62  
VB4295 205.8057 207.8057 0.27 0.4 2.97  
VB4295 207.8057 209.3057 1.03 1.0 4.03  
VB4295 209.3057 210.6057   3.74 
VB4295 210.6057 212.3057 0.61 0.7 3.74  
VB4295 212.3057 228.8057   3.74 
